# Our dataset
# zip data (780.3847,1147.0619,813.2391,1130.0962, 854.4125,1156.6747,787.3862,1153.6962,817.3159,1153.0303,781.7531,1156.2713,777.6397,1156.1144,807.3719,1155.5660,820.6069,1151.9125,784.8425,1151.4997,1139.3632,820.3472,1189.7529,832.6482,1138.3610,1110.2903,1099.4332,837.7272,1133.2787,835.2384,1179.2806,1161.9859,1186.2353,1196.4200,1122.5744,890.0666,1120.8341,830.1625,1086.1525,1394.9023,1042.5196,1330.2378,1343.8509,1096.9291,1276.7034,1152.0938,1180.1930,1098.6385,1288.4148,1384.1782,1045.2055,1301.3382,1042.5551,1321.7767,1055.3742,1255.9089,1355.2479,1043.8998,1232.7678,1484.1264,1205.9667,1659.7335,1169.8722,1672.1024,1304.0930,1565.5048,1639.1155,1269.4920,1534.0556,1231.0161,1478.3652,1158.1287, 1645.4153,1184.0327,1615.6656,1079.7449,1624.2871)
data <- c(4524.1818,
          3223.53561,
          3402.61323,
          3234.44733,
          3236.2807,
          3214.427,
          3310.9281,
          3403.11995,
          3439.07608,
          3406.84034,
          6283.90839,
          3512.51288,
          3491.61245,
          3473.82333,
          3485.26657,
          4673.54036,
          3481.28099,
          3471.46546,
          3481.57299,
          3572.36025,
          4479.7651,
          4482.3719,
          4487.1566,
          4464.7476,
          4461.6342,
          4466.6852,
          4471.4382,
          4835.8369,
          4471.1098,
          4632.8398,
          4488.9309,
          5479.8069,
          4234.5105,
          4211.1576,
          4229.5464,
          4223.0741,
          4225.1893,
          4224.1122,
          4215.0278,
          4207.1313,
          11267.9935,
          11365.6031,
          12631.6593,
          12628.6516,
          10067.7174,
          11104.7918,
          7340.7468,
          10475.3780,
          10397.8344,
          9137.8987,
          9252.6875,
          9203.6327,
          9864.1454,
          9260.5793,
          9260.1904,
          9827.7157,
          9757.1974,
          9282.3825,
          9918.2330,
          9865.1460,
          10149.2486,
          11494.1446,
          9882.3927,
          10023.1960,
          10193.8412,
          11215.2132,
          12218.9847,
          11293.5481,
          9881.3632,
          10319.1488,
          10692.3464,
          10883.5043,
          11249.1875,
          10784.9083,
          10861.0338,
          11806.9130,
          10524.5430,
          10964.7331,
          10230.9966,
          10623.3483)
# Perform the Shapiro-Wilk test
result <- shapiro.test(data)

# Print the result
cat("Shapiro-Wilk Normality Test:\n")
cat("Test Statistic =", result$statistic, "\n")
cat("p-value =", result$p.value, "\n")

# Compare the p-value to a significance level (e.g., 0.05)
significance_level <- 0.05
if (result$p.value < significance_level) {
  cat("The data is not normally distributed.\n")
} else {
  cat("The data appears to be normally distributed.\n")
}

